x <- 1:10
y <- 15:25
